2
2
6
11
12
13
15
16
19
20
20
22
23
24
25
27
28
35
36
40
40
47
48
55
63
65
68
69
72
74
75
75
76
80
82
84
96
96
103
109
112
117
118
120
125
131
133
149
153
157
165
170
187
187
187
190
194
196
196
201
206
208
209
217
217
219
223
227
254
254
255
257
259
263
264
266
272
273
275
286
286
296
297
297
298
303
303
304
307
312
312
315
321
325
325
328
331
333
340
341
347
353
365
368
387
390
390
391
393
396
400
405
405
408
417
419
420
420
421
421
422
446
449
455
456
457
461
461
471
471
473
484
491
492
493
498
499
500
500
503
504
514
518
521
524
524
525
527
535
536
538
540
542
544
547
553
560
563
579
583
586
596
597
603
604
614
614
616
624
625
626
626
627
628
628
631
631
634
634
636
637
638
638
638
638
639
640
649
651
651
652
665
669
671
677
677
677
679
681
692
693
698
700
702
702
703
705
706
706
712
712
723
727
727
729
731
733
737
742
743
744
754
757
760
761
762
770
771
772
775
778
780
781
784
785
786
786
787
790
801
801
802
802
805
811
822
827
835
836
840
841
843
847
849
850
865
865
868
869
876
876
879
880
880
885
888
897
898
902
903
907
916
918
920
920
925
927
935
935
936
939
939
941
945
946
949
950
952
952
952
957
960
969
977
980
981
982
985
987
987
990
994
996
997
998
998
1000
1000
1001
1011
1016
1019
1020
1025
1025
1029
1036
1043
1047
1053
1066
1068
1070
1071
1071
1072
1077
1080
1083
1084
1088
1089
1094
1094
1096
1099
1101
1102
1103
1104
1106
1107
1112
1112
1113
1115
1118
1121
1123
1123
1129
1130
1135
1137
1144
1145
1151
1152
1155
1158
1166
1167
1175
1177
1182
1183
1183
1188
1192
1193
1204
1205
1206
1210
1215
1218
1222
1229
1230
1233
1235
1237
1242
1242
1246
1248
1252
1254
1254
1256
1256
1259
1265
1266
1268
1271
1273
1274
1277
1285
1292
1297
1303
1311
1313
1313
1316
1317
1319
1323
1324
1325
1326
1328
1330
1336
1340
1343
1346
1351
1353
1355
1359
1361
1370
1371
1373
1373
1374
1374
1376
1379
1382
1387
1390
1392
1392
1392
1392
1395
1396
1400
1406
1413
1414
1414
1415
1418
1424
1428
1434
1435
1454
1457
1460
1461
1465
1466
1474
1479
1482
1483
1489
1492
1492
1495
1496
1499
1503
1506
1510
1511
1511
1519
1525
1526
1526
1528
1530
1530
1537
1539
1540
1541
1545
1554
1554
1562
1567
1570
1570
1584
1587
1591
1592
1592
1594
1595
1599
1601
1607
1608
1612
1613
1613
1617
1617
1619
1620
1620
1626
1628
1628
1630
1630
1641
1643
1645
1650
1652
1654
1655
1660
1662
1665
1667
1667
1670
1673
1673
1674
1674
1678
1679
1685
1686
1692
1692
1692
1699
1712
1716
1719
1721
1722
1722
1722
1722
1725
1729
1729
1730
1733
1733
1736
1746
1747
1752
1753
1757
1757
1759
1759
1761
1763
1768
1774
1780
1783
1785
1786
1790
1791
1818
1819
1821
1823
1824
1826
1831
1832
1835
1835
1837
1840
1840
1842
1844
1847
1847
1847
1851
1855
1863
1865
1867
1870
1872
1890
1894
1895
1898
1898
1902
1905
1906
1907
1910
1914
1917
1925
1930
1933
1933
1934
1944
1951
1955
1960
1961
1962
1963
1971
1973
1976
1978
1980
1980
1980
1982
1988
1990
1996
1998
1998
1998
2001
2003
2008
2017
2018
2026
2029
2030
2031
2034
2045
2048
2049
2054
2056
2059
2063
2063
2070
2074
2085
2085
2088
2089
2095
2096
2106
2110
2111
2113
2121
2131
2132
2133
2135
2140
2142
2144
2148
2158
2158
2159
2177
2180
2181
2185
2189
2189
2192
2194
2204
2220
2223
2230
2233
2235
2237
2240
2247
2249
2252
2253
2261
2267
2269
2270
2286
2287
2291
2293
2293
2298
2305
2308
2309
2310
2310
2313
2315
2315
2315
2316
2322
2323
2327
2337
2339
2342
2342
2346
2348
2355
2355
2356
2358
2362
2366
2367
2367
2373
2387
2397
2398
2407
2418
2419
2426
2427
2432
2436
2450
2450
2452
2452
2452
2454
2464
2465
2476
2479
2480
2487
2487
2493
2493
2494
2495
2501
2507
2512
2512
2513
2514
2514
2518
2520
2524
2526
2527
2527
2528
2530
2537
2539
2543
2547
2548
2555
2557
2563
2563
2563
2564
2572
2573
2573
2575
2576
2579
2580
2581
2585
2587
2591
2593
2597
2598
2599
2601
2602
2602
2610
2614
2617
2629
2631
2631
2632
2633
2634
2635
2639
2642
2645
2646
2651
2655
2656
2666
2669
2671
2671
2676
2678
2679
2685
2686
2688
2694
2697
2698
2704
2710
2715
2722
2731
2736
2737
2739
2740
2742
2743
2745
2749
2750
2750
2763
2763
2769
2780
2794
2795
2795
2796
2803
2812
2814
2823
2829
2834
2837
2840
2841
2842
2844
2848
2850
2855
2856
2859
2869
2870
2872
2874
2877
2879
2887
2888
2893
2896
2897
2900
2907
2913
2917
2919
2922
2925
2928
2930
2934
2935
2938
2942
2946
2950
2951
2952
2959
2961
2963
2963
2964
2965
2966
2966
2968
2971
2972
2972
2979
2981
2982
2982
2986
2990
2992
2996
2997
2998
3002
3008
3009
3020
3021
3024
3029
3032
3032
3032
3034
3037
3039
3046
3049
3052
3057
3058
3059
3063
3067
3068
3080
3085
3086
3087
3091
3093
3095
3104
3109
3111
3116
3133
3135
3140
3147
3147
3148
3154
3157
3159
3164
3166
3167
3174
3176
3179
3179
3179
3180
3184
3184
3186
3187
3195
3198
3198
3203
3226
3226
3227
3228
3236
3237
3237
3243
3248
3258
3258
3260
3266
3269
3272
3289
3295
3297
3300
3309
3309
3310
3311
3313
3317
3317
3318
3319
3320
3323
3324
3326
3335
3336
3337
3338
3340
3340
3343
3345
3345
3347
3350
3350
3358
3358
3358
3361
3365
3367
3369
3369
3371
3372
3374
3376
3381
3384
3386
3388
3393
3401
3405
3407
3411
3415
3428
3429
3433
3435
3440
3440
3442
3447
3449
3450
3454
3455
3456
3457
3464
3466
3472
3474
3480
3483
3484
3485
3494
3496
3498
3516
3520
3520
3522
3524
3525
3526
3533
3533
3536
3540
3541
3542
3543
3544
3544
3547
3551
3555
3557
3558
3559
3560
3562
3573
3582
3582
3585
3587
3593
3595
3602
3608
3618
3621
3621
3625
3626
3626
3629
3632
3632
3640
3659
3661
3662
3663
3664
3667
3668
3679
3685
3689
3689
3697
3699
3699
3703
3706
3711
3711
3714
3720
3720
3725
3730
3735
3736
3738
3750
3752
3752
3756
3758
3759
3767
3781
3782
3784
3785
3785
3785
3797
3798
3799
3802
3804
3808
3809
3810
3818
3824
3824
3825
3826
3830
3836
3839
3840
3846
3846
3847
3848
3853
3854
3860
3865
3866
3868
3872
3875
3884
3885
3886
3889
3891
3896
3899
3900
3900
3901
3911
3912
3915
3916
3921
3922
3928
3930
3933
3938
3940
3954
3955
3956
3957
3958
3960
3962
3962
3963
3964
3969
3970
3972
3976
3986
3988
3990
3993
3993
4002
4005
4010
4012
4014
4019
4033
4034
4034
4039
4044
4046
4051
4062
4063
4064
4064
4076
4086
4094
4097
4099
4099
4101
4107
4112
4112
4114
4120
4123
4123
4124
4130
4136
4137
4139
4141
4142
4144
4148
4150
4151
4152
4155
4156
4157
4163
4168
4173
4176
4179
4184
4185
4186
4195
4197
4202
4205
4206
4208
4209
4211
4215
4219
4222
4229
4235
4242
4247
4248
4250
4250
4250
4252
4252
4259
4272
4273
4273
4280
4281
4282
4291
4295
4295
4298
4305
4309
4315
4322
4326
4330
4331
4333
4337
4339
4340
4345
4346
4348
4349
4355
4355
4358
4359
4359
4360
4367
4370
4374
4380
4382
4384
4384
4390
4396
4399
4400
4400
4401
4401
4412
4412
4413
4413
4414
4415
4416
4418
4421
4423
4425
4427
4429
4429
4434
4438
4440
4442
4445
4458
4463
4472
4473
4477
4478
4479
4480
4481
4482
4483
4486
4491
4492
4493
4494
4497
4504
4514
4515
4515
4518
4519
4537
4537
4542
4544
4546
4553
4555
4559
4560
4560
4565
4570
4571
4572
4573
4576
4578
4580
4584
4591
4596
4598
4604
4606
4606
4606
4614
4619
4621
4623
4623
4626
4629
4630
4631
4632
4632
4633
4650
4650
4658
4660
4661
4662
4668
4670
4671
4675
4679
4681
4690
4691
4693
4696
4703
4704
4705
4706
4712
4712
4714
4716
4718
4720
4722
4733
4745
4748
4749
4755
4759
4759
4760
4762
4763
4767
4767
4768
4769
4770
4773
4781
4783
4784
4786
4787
4788
4789
4791
4805
4814
4814
4823
4828
4828
4830
4838
4846
4853
4855
4870
4873
4873
4883
4883
4884
4887
4887
4892
4892
4896
4897
4897
4902
4902
4903
4907
4909
4916
4917
4919
4921
4928
4933
4934
4946
4948
4953
4955
4957
4958
4958
4960
4966
4969
4971
4977
4979
4982
4989
4991
4993
4997
4997
4998
5007
5007
5009
5011
5013
5017
5017
5029
5038
5040
5042
5043
5043
5050
5062
5066
5069
5070
5071
5072
5078
5083
5088
5094
5095
5095
5096
5097
5098
5107
5111
5112
5119
5122
5128
5130
5131
5133
5134
5139
5140
5140
5151
5152
5162
5162
5163
5169
5182
5183
5190
5192
5192
5193
5198
5208
5219
5224
5226
5227
5227
5239
5242
5249
5251
5253
5255
5257
5259
5260
5262
5262
5264
5266
5276
5279
5279
5283
5290
5302
5303
5307
5307
5308
5310
5313
5314
5316
5317
5318
5320
5321
5323
5325
5329
5332
5339
5349
5351
5355
5365
5367
5372
5375
5381
5381
5382
5382
5384
5391
5392
5392
5396
5396
5398
5402
5406
5410
5413
5418
5418
5419
5419
5420
5420
5421
5422
5423
5426
5433
5433
5433
5434
5436
5437
5438
5439
5446
5451
5453
5456
5457
5458
5460
5467
5467
5470
5471
5475
5475
5481
5481
5486
5493
5500
5501
5504
5506
5507
5507
5512
5522
5525
5526
5527
5529
5532
5533
5535
5538
5543
5544
5546
5547
5548
5548
5550
5551
5555
5558
5560
5566
5566
5571
5572
5574
5580
5581
5584
5591
5592
5594
5595
5597
5597
5606
5608
5609
5612
5613
5617
5619
5621
5622
5626
5628
5635
5644
5650
5654
5655
5656
5658
5661
5662
5665
5666
5668
5676
5676
5678
5682
5684
5692
5695
5699
5708
5711
5713
5714
5716
5716
5719
5723
5726
5728
5729
5730
5730
5732
5743
5746
5748
5749
5750
5751
5752
5752
5752
5761
5762
5764
5765
5766
5771
5772
5774
5775
5776
5779
5782
5785
5786
5796
5811
5813
5815
5816
5824
5833
5846
5847
5849
5850
5851
5853
5859
5872
5874
5881
5883
5883
5886
5888
5889
5891
5891
5899
5900
5905
5908
5922
5928
5932
5935
5937
5937
5944
5946
5949
5949
5949
5953
5956
5959
5966
5966
5969
5972
5973
5989
5992
5993
6001
6009
6010
6011
6018
6021
6025
6027
6029
6029
6031
6041
6043
6046
6046
6055
6057
6058
6062
6062
6062
6063
6064
6065
6065
6072
6074
6075
6080
6081
6084
6087
6091
6092
6096
6102
6105
6105
6110
6116
6118
6119
6120
6125
6137
6155
6159
6170
6172
6174
6175
6185
6190
6191
6192
6194
6194
6199
6206
6209
6210
6219
6223
6225
6225
6227
6227
6228
6230
6238
6239
6240
6248
6250
6251
6253
6255
6256
6259
6260
6274
6275
6278
6280
6280
6283
6296
6298
6301
6305
6314
6316
6319
6320
6321
6324
6324
6325
6327
6328
6328
6332
6335
6339
6339
6341
6341
6342
6342
6350
6352
6354
6354
6355
6357
6357
6361
6365
6367
6380
6382
6384
6386
6388
6390
6392
6392
6399
6405
6406
6413
6419
6420
6424
6427
6431
6434
6435
6445
6450
6450
6455
6457
6458
6458
6462
6463
6466
6470
6471
6475
6480
6480
6485
6487
6493
6493
6499
6499
6504
6505
6510
6510
6510
6512
6515
6515
6518
6520
6522
6529
6530
6535
6537
6540
6543
6545
6555
6560
6565
6566
6568
6568
6569
6576
6582
6585
6587
6587
6589
6591
6596
6604
6611
6614
6621
6627
6638
6644
6645
6647
6648
6652
6652
6657
6659
6667
6672
6676
6679
6679
6681
6685
6689
6699
6700
6704
6711
6713
6719
6720
6722
6734
6734
6737
6741
6741
6746
6747
6749
6755
6757
6759
6762
6766
6775
6780
6781
6781
6783
6784
6793
6796
6811
6821
6823
6828
6829
6830
6831
6841
6842
6843
6844
6847
6850
6851
6852
6852
6855
6859
6862
6866
6868
6870
6870
6870
6870
6878
6881
6882
6883
6888
6889
6893
6897
6916
6917
6918
6919
6920
6925
6927
6928
6930
6932
6943
6950
6952
6953
6953
6955
6958
6960
6962
6978
6982
6986
6988
6990
6994
6995
7003
7009
7011
7012
7016
7018
7021
7021
7023
7027
7029
7035
7035
7037
7040
7041
7041
7042
7043
7044
7048
7049
7051
7052
7055
7056
7067
7067
7073
7074
7077
7079
7081
7084
7087
7088
7091
7092
7096
7097
7100
7101
7101
7102
7103
7104
7106
7111
7112
7115
7126
7133
7139
7139
7140
7143
7150
7152
7153
7154
7155
7163
7164
7167
7168
7169
7175
7178
7181
7183
7185
7185
7187
7189
7195
7199
7208
7223
7225
7227
7229
7230
7231
7241
7251
7257
7258
7260
7262
7262
7264
7272
7277
7287
7294
7298
7300
7302
7303
7309
7311
7321
7324
7324
7325
7329
7347
7349
7351
7355
7356
7356
7358
7359
7361
7367
7367
7367
7368
7370
7378
7380
7382
7384
7384
7392
7395
7404
7406
7410
7412
7414
7414
7415
7415
7416
7420
7420
7422
7423
7424
7427
7427
7433
7435
7439
7443
7446
7452
7455
7458
7462
7462
7466
7467
7467
7470
7472
7475
7481
7489
7490
7493
7495
7502
7504
7507
7509
7515
7516
7518
7522
7529
7530
7534
7536
7545
7546
7546
7547
7549
7560
7561
7562
7567
7572
7575
7575
7577
7579
7585
7588
7590
7593
7595
7597
7599
7604
7606
7610
7610
7612
7620
7622
7623
7624
7630
7635
7638
7644
7644
7650
7654
7654
7658
7661
7663
7667
7675
7678
7679
7686
7697
7701
7702
7704
7712
7715
7716
7722
7724
7736
7738
7741
7746
7747
7748
7750
7750
7750
7752
7760
7763
7765
7767
7767
7770
7771
7772
7773
7775
7775
7777
7782
7788
7790
7790
7797
7803
7803
7803
7808
7811
7813
7814
7817
7818
7821
7822
7822
7823
7824
7829
7830
7834
7837
7838
7840
7840
7843
7860
7867
7868
7870
7872
7872
7874
7876
7881
7885
7885
7889
7890
7894
7896
7897
7898
7898
7902
7905
7910
7911
7917
7918
7924
7925
7926
7929
7931
7933
7951
7959
7960
7962
7964
7966
7969
7991
7993
7996
8001
8007
8008
8014
8018
8021
8031
8039
8046
8048
8048
8053
8053
8055
8055
8058
8060
8061
8062
8066
8070
8070
8073
8077
8083
8088
8090
8090
8093
8093
8094
8096
8097
8098
8101
8101
8108
8114
8115
8118
8122
8130
8131
8132
8136
8139
8145
8146
8148
8152
8153
8155
8157
8165
8168
8172
8173
8180
8180
8195
8195
8200
8213
8214
8219
8223
8231
8231
8233
8236
8237
8238
8241
8242
8268
8271
8276
8279
8285
8286
8287
8291
8296
8297
8309
8309
8310
8311
8313
8313
8315
8317
8328
8329
8334
8334
8339
8344
8352
8355
8365
8366
8370
8370
8372
8374
8381
8399
8410
8415
8422
8424
8426
8428
8429
8431
8432
8438
8440
8448
8453
8453
8457
8457
8458
8466
8473
8482
8485
8488
8491
8492
8497
8497
8498
8503
8504
8514
8522
8522
8526
8527
8530
8533
8533
8537
8558
8558
8560
8560
8564
8568
8573
8576
8578
8581
8589
8591
8592
8593
8597
8600
8606
8606
8607
8609
8609
8610
8611
8611
8612
8616
8617
8620
8625
8628
8628
8631
8633
8637
8638
8640
8642
8645
8648
8648
8651
8656
8656
8658
8661
8662
8671
8680
8688
8696
8697
8699
8704
8708
8712
8712
8714
8715
8717
8722
8724
8725
8733
8745
8751
8757
8757
8758
8763
8763
8766
8766
8766
8770
8770
8782
8791
8797
8807
8811
8815
8825
8828
8830
8830
8833
8835
8844
8845
8848
8849
8849
8856
8857
8867
8868
8872
8873
8879
8883
8887
8894
8904
8904
8909
8912
8918
8924
8927
8928
8929
8932
8933
8938
8943
8944
8945
8946
8951
8954
8957
8958
8959
8967
8969
8977
8980
8981
8983
8987
8993
8999
9005
9010
9011
9015
9018
9021
9024
9028
9033
9035
9036
9036
9042
9043
9045
9052
9055
9059
9060
9062
9064
9066
9067
9067
9072
9074
9078
9080
9081
9082
9085
9086
9092
9095
9098
9098
9100
9104
9105
9105
9108
9108
9114
9114
9115
9120
9124
9127
9132
9138
9140
9142
9144
9148
9150
9152
9153
9153
9154
9160
9171
9177
9178
9179
9184
9186
9187
9196
9202
9203
9205
9207
9207
9214
9220
9223
9225
9225
9226
9229
9230
9232
9233
9236
9246
9250
9252
9254
9261
9261
9263
9264
9264
9274
9274
9278
9279
9281
9281
9286
9288
9290
9290
9291
9294
9301
9304
9310
9316
9326
9326
9330
9331
9336
9342
9345
9348
9353
9357
9360
9361
9363
9371
9374
9379
9380
9380
9383
9386
9387
9401
9403
9408
9409
9410
9410
9415
9416
9425
9429
9437
9438
9441
9448
9450
9450
9450
9458
9458
9458
9461
9464
9464
9467
9469
9470
9471
9475
9476
9484
9495
9504
9506
9507
9509
9512
9512
9514
9520
9522
9523
9530
9531
9535
9536
9538
9538
9540
9544
9545
9549
9549
9551
9551
9552
9556
9559
9565
9567
9571
9571
9572
9575
9579
9582
9583
9583
9584
9593
9596
9602
9603
9604
9607
9612
9614
9616
9618
9618
9625
9627
9639
9640
9641
9642
9648
9649
9650
9651
9652
9653
9655
9658
9658
9662
9665
9669
9670
9674
9674
9683
9687
9688
9691
9692
9692
9692
9696
9697
9697
9698
9700
9701
9705
9707
9709
9711
9715
9716
9716
9733
9734
9738
9742
9747
9748
9749
9757
9760
9764
9765
9766
9766
9766
9768
9774
9774
9776
9779
9789
9789
9805
9805
9806
9810
9810
9818
9819
9819
9822
9832
9834
9839
9840
9847
9850
9850
9852
9858
9863
9867
9877
9879
9879
9888
9890
9890
9893
9896
9898
9898
9902
9903
9909
9910
9915
9919
9922
9924
9926
9930
9932
9935
9936
9937
9943
9952
9954
9960
9961
9964
9966
9969
9969
9975
9976
9981
9984
9987
9996
9997
10000
10001
10003
10010
10010
10012
10013
10013
10014
10026
10028
10030
10030
10034
10035
10038
10045
10050
10054
10056
10060
10064
10078
10084
10084
10085
10088
10092
10095
10095
10101
10121
10123
10125
10126
10130
10131
10137
10141
10145
10149
10151
10152
10157
10158
10161
10163
10163
10171
10189
10190
10201
10211
10212
10213
10215
10222
10226
10234
10238
10246
10252
10255
10255
10256
10261
10271
10272
10273
10278
10279
10280
10282
10283
10287
10288
10288
10288
10289
10291
10291
10302
10303
10305
10310
10316
10318
10324
10325
10332
10335
10341
10342
10344
10345
10347
10354
10360
10361
10366
10366
10368
10369
10370
10374
10374
10375
10380
10382
10385
10386
10386
10387
10392
10394
10396
10399
10400
10401
10405
10407
10408
10408
10409
10416
10417
10419
10432
10433
10436
10436
10438
10438
10443
10446
10447
10449
10456
10457
10458
10458
10463
10464
10464
10466
10474
10484
10486
10486
10493
10494
10496
10505
10505
10509
10512
10515
10518
10522
10522
10530
10531
10533
10535
10537
10537
10544
10546
10547
10551
10555
10555
10560
10563
10569
10579
10585
10585
10590
10592
10594
10595
10599
10606
10617
10619
10631
10635
10638
10640
10644
10646
10647
10647
10651
10652
10658
10658
10659
10665
10666
10668
10673
10674
10681
10681
10686
10692
10695
10697
10704
10706
10708
10711
10713
10714
10718
10731
10732
10736
10751
10755
10756
10757
10761
10764
10769
10776
10779
10780
10781
10785
10789
10793
10793
10796
10798
10803
10807
10807
10807
10810
10813
10813
10817
10821
10822
10829
10830
10831
10832
10836
10839
10845
10848
10850
10851
10856
10857
10863
10866
10876
10878
10885
10885
10887
10888
10890
10894
10894
10899
10905
10909
10913
10921
10923
10926
10929
10929
10937
10943
10943
10945
10947
10954
10956
10958
10958
10963
10967
10979
10980
10982
10986
10988
10990
10991
10992
10996
11004
11010
11012
11017
11024
11026
11027
11031
11033
11034
11041
11042
11042
11043
11044
11047
11049
11056
11056
11059
11067
11072
11074
11076
11076
11076
11078
11081
11083
11087
11087
11088
11089
11089
11098
11104
11112
11112
11114
11119
11121
11122
11124
11126
11131
11131
11134
11135
11136
11136
11142
11146
11150
11150
11159
11161
11161
11162
11166
11173
11177
11182
11184
11185
11188
11189
11190
11193
11194
11195
11201
11201
11202
11204
11205
11205
11206
11207
11210
11211
11215
11217
11222
11223
11226
11226
11227
11230
11231
11235
11237
11237
11241
11243
11247
11247
11259
11260
11265
11272
11286
11290
11293
11299
11300
11306
11310
11316
11320
11333
11333
11333
11334
11357
11358
11358
11360
11361
11361
11362
11370
11371
11372
11372
11373
11376
11378
11378
11379
11385
11387
11394
11396
11400
11403
11405
11406
11408
11410
11415
11415
11417
11418
11422
11426
11427
11427
11436
11437
11440
11441
11443
11448
11448
11448
11449
11457
11460
11460
11461
11462
11467
11472
11472
11473
11475
11475
11476
11479
11483
11496
11500
11500
11501
11501
11503
11505
11507
11512
11513
11520
11521
11522
11525
11527
11528
11531
11531
11533
11543
11547
11547
11550
11550
11551
11558
11559
11568
11570
11579
11579
11588
11589
11590
11597
11599
11601
11613
11619
11620
11620
11624
11624
11628
11632
11640
11640
11644
11645
11647
11652
11653
11654
11655
11657
11658
11659
11660
11661
11665
11665
11666
11673
11675
11680
11681
11681
11684
11698
11713
11715
11716
11719
11721
11722
11723
11724
11725
11734
11738
11739
11739
11743
11749
11749
11757
11758
11769
11772
11774
11783
11799
11805
11806
11807
11809
11810
11813
11814
11816
11819
11826
11833
11834
11835
11835
11843
11845
11845
11850
11855
11864
11866
11867
11871
11871
11874
11875
11876
11879
11879
11879
11889
11898
11900
11901
11902
11906
11906
11929
11931
11932
11939
11942
11944
11945
11947
11951
11952
11955
11959
11963
11966
11966
11969
11978
11983
11985
11986
11987
11988
11988
11991
11994
11996
12002
12011
12018
12022
12037
12037
12039
12039
12042
12050
12053
12057
12058
12059
12063
12063
12068
12072
12073
12074
12076
12077
12078
12083
12088
12089
12091
12093
12097
12098
12100
12107
12110
12116
12122
12122
12130
12132
12135
12136
12141
12141
12141
12144
12149
12150
12152
12156
12157
12159
12170
12172
12175
12178
12180
12184
12189
12206
12214
12223
12224
12225
12226
12231
12232
12238
12245
12245
12247
12248
12251
12257
12260
12263
12263
12266
12267
12267
12279
12285
12287
12287
12289
12289
12290
12293
12294
12295
12298
12302
12306
12313
12314
12315
12315
12319
12323
12332
12337
12345
12349
12354
12356
12358
12358
12360
12364
12368
12374
12380
12382
12386
12391
12393
12395
12400
12408
12408
12411
12413
12416
12416
12418
12425
12425
12428
12429
12431
12432
12432
12434
12436
12437
12439
12439
12441
12447
12451
12452
12455
12456
12462
12468
12470
12473
12474
12474
12476
12482
12483
12485
12486
12486
12491
12496
12497
12498
12498
12499
12500
12503
12504
12508
12510
12516
12516
12523
12524
12524
12524
12526
12533
12552
12553
12557
12565
12566
12568
12574
12577
12577
12579
12579
12580
12581
12583
12583
12584
12586
12587
12588
12600
12607
12607
12608
12611
12611
12611
12612
12617
12621
12621
12623
12629
12630
12630
12634
12638
12642
12643
12672
12673
12679
12680
12682
12684
12686
12688
12690
12691
12696
12698
12699
12702
12703
12706
12706
12709
12710
12711
12713
12713
12719
12727
12729
12731
12735
12735
12737
12742
12746
12746
12750
12753
12757
12759
12762
12763
12763
12767
12768
12771
12772
12773
12775
12784
12790
12798
12799
12805
12806
12808
12811
12813
12815
12821
12824
12825
12827
12828
12833
12836
12837
12838
12838
12839
12840
12841
12843
12851
12861
12865
12865
12875
12876
12876
12879
12888
12890
12891
12893
12896
12899
12900
12901
12904
12910
12911
12916
12919
12922
12925
12933
12935
12939
12945
12961
12964
12970
12974
12974
12980
12980
12987
12989
12991
12997
12998
13002
13004
13010
13010
13010
13025
13025
13032
13035
13051
13057
13059
13068
13070
13071
13072
13074
13076
13077
13087
13088
13090
13090
13093
13099
13099
13102
13105
13108
13109
13111
13117
13119
13122
13123
13124
13125
13126
13129
13131
13133
13133
13134
13134
13135
13141
13146
13149
13150
13150
13151
13166
13167
13170
13170
13172
13177
13180
13185
13186
13191
13191
13197
13197
13199
13207
13208
13211
13221
13223
13225
13228
13230
13230
13235
13240
13241
13242
13249
13250
13258
13264
13264
13274
13276
13276
13280
13280
13281
13284
13284
13287
13287
13289
13291
13294
13294
13297
13303
13304
13326
13327
13336
13337
13338
13341
13344
13344
13350
13365
13366
13370
13372
13375
13386
13387
13390
13395
13415
13417
13418
13424
13432
13432
13432
13433
13433
13438
13440
13440
13446
13449
13454
13457
13464
13465
13477
13477
13480
13481
13483
13486
13496
13496
13497
13502
13503
13503
13503
13508
13513
13514
13514
13518
13519
13522
13528
13528
13531
13533
13533
13536
13538
13541
13541
13543
13552
13552
13555
13556
13563
13566
13571
13571
13573
13575
13575
13579
13585
13589
13598
13599
13600
13601
13605
13605
13605
13609
13612
13616
13619
13620
13623
13624
13630
13642
13644
13647
13648
13651
13657
13659
13661
13663
13665
13667
13669
13673
13678
13682
13682
13683
13687
13692
13698
13699
13701
13701
13709
13709
13710
13713
13718
13718
13722
13724
13729
13731
13731
13732
13732
13735
13736
13737
13740
13741
13747
13747
13747
13751
13752
13753
13758
13761
13762
13765
13765
13768
13768
13771
13771
13772
13778
13779
13780
13781
13785
13788
13792
13794
13802
13805
13810
13811
13815
13816
13817
13826
13827
13827
13835
13839
13841
13842
13842
13844
13857
13858
13860
13862
13863
13865
13868
13869
13875
13878
13878
13881
13882
13883
13886
13886
13890
13890
13891
13892
13902
13903
13907
13910
13914
13920
13922
13922
13929
13930
13932
13940
13947
13952
13953
13956
13960
13963
13965
13965
13970
13971
13971
13973
13975
13975
13979
13980
13980
13984
13986
13986
13988
13988
14000
14001
14007
14009
14016
14016
14020
14022
14027
14031
14035
14036
14037
14038
14041
14042
14045
14046
14050
14051
14053
14055
14063
14065
14065
14067
14076
14076
14077
14082
14083
14086
14088
14090
14092
14095
14096
14096
14104
14105
14107
14117
14119
14121
14121
14123
14124
14125
14126
14128
14131
14133
14134
14135
14138
14139
14143
14144
14146
14147
14148
14148
14152
14155
14155
14161
14163
14167
14172
14172
14183
14185
14187
14190
14191
14191
14192
14193
14193
14197
14200
14204
14206
14207
14208
14209
14216
14224
14225
14226
14231
14231
14234
14234
14238
14238
14239
14247
14254
14259
14267
14269
14270
14273
14274
14274
14274
14275
14279
14285
14285
14291
14292
14295
14295
14313
14315
14318
14324
14328
14334
14334
14344
14354
14370
14375
14383
14387
14388
14390
14391
14392
14394
14397
14397
14399
14409
14410
14413
14415
14416
14419
14420
14421
14434
14436
14438
14441
14443
14445
14446
14449
14456
14457
14458
14466
14466
14468
14468
14473
14474
14477
14483
14484
14487
14489
14504
14507
14508
14513
14515
14515
14522
14522
14526
14529
14531
14532
14544
14544
14558
14558
14565
14571
14571
14578
14587
14591
14591
14593
14594
14594
14595
14597
14597
14599
14604
14608
14610
14610
14612
14627
14634
14646
14648
14648
14652
14652
14653
14663
14664
14670
14675
14678
14681
14685
14696
14696
14705
14707
14708
14712
14715
14716
14717
14717
14723
14725
14726
14727
14728
14731
14732
14737
14737
14742
14742
14747
14748
14749
14753
14755
14764
14770
14770
14772
14776
14779
14781
14783
14786
14787
14787
14796
14803
14806
14811
14814
14819
14819
14821
14823
14833
14835
14836
14839
14839
14846
14847
14848
14849
14855
14857
14857
14861
14863
14864
14865
14866
14866
14874
14875
14876
14880
14883
14884
14890
14891
14892
14898
14900
14901
14904
14905
14907
14915
14918
14920
14921
14921
14932
14935
14935
14950
14952
14953
14962
14964
14966
14973
14976
14983
14984
14984
14991
14992
14993
14997
15001
15001
15004
15011
15011
15013
15017
15018
15019
15021
15031
15035
15035
15042
15043
15048
15060
15064
15064
15071
15073
15074
15074
15077
15083
15086
15087
15087
15088
15089
15097
15100
15101
15106
15110
15114
15115
15118
15123
15123
15133
15137
15140
15140
15142
15164
15167
15168
15168
15168
15182
15183
15184
15186
15187
15188
15189
15194
15197
15201
15201
15201
15206
15206
15208
15209
15212
15222
15227
15228
15233
15242
15245
15254
15254
15255
15260
15262
15263
15268
15268
15279
15283
15288
15291
15296
15296
15298
15299
15303
15304
15308
15309
15311
15322
15323
15330
15331
15334
15337
15338
15340
15349
15351
15353
15355
15359
15366
15373
15374
15376
15378
15381
15382
15383
15385
15385
15393
15401
15402
15403
15406
15409
15410
15412
15414
15415
15417
15417
15417
15418
15419
15422
15425
15428
15432
15432
15436
15441
15441
15444
15447
15448
15448
15459
15466
15471
15472
15475
15478
15485
15489
15505
15505
15506
15513
15516
15525
15525
15525
15525
15529
15535
15542
15543
15546
15554
15564
15565
15565
15566
15572
15576
15581
15584
15584
15595
15595
15598
15598
15604
15604
15608
15610
15613
15613
15613
15613
15614
15615
15616
15618
15618
15623
15627
15629
15629
15635
15638
15639
15646
15648
15655
15655
15660
15676
15691
15693
15695
15697
15698
15698
15699
15703
15703
15706
15707
15709
15712
15714
15721
15732
15732
15736
15736
15741
15743
15743
15745
15749
15751
15755
15756
15759
15765
15772
15774
15774
15774
15777
15783
15794
15799
15800
15804
15806
15808
15811
15818
15819
15820
15828
15830
15831
15838
15847
15847
15850
15853
15854
15856
15856
15859
15863
15864
15871
15883
15886
15889
15895
15898
15899
15900
15904
15907
15907
15908
15916
15917
15921
15924
15928
15930
15930
15931
15933
15935
15937
15945
15949
15953
15957
15962
15963
15974
15976
15977
15986
15988
15989
15990
15997
16006
16007
16009
16011
16015
16022
16026
16038
16044
16050
16057
16060
16063
16066
16068
16071
16072
16072
16073
16073
16075
16076
16077
16078
16079
16085
16090
16090
16105
16107
16118
16127
16132
16133
16134
16135
16137
16144
16145
16146
16153
16154
16154
16155
16157
16160
16171
16173
16174
16183
16184
16187
16192
16200
16213
16216
16217
16217
16228
16233
16234
16235
16237
16243
16245
16253
16255
16260
16261
16262
16264
16265
16266
16270
16273
16273
16284
16299
16304
16305
16305
16310
16313
16317
16317
16323
16327
16327
16329
16335
16340
16350
16356
16362
16362
16364
16366
16369
16371
16374
16378
16385
16386
16390
16394
16395
16397
16398
16403
16408
16412
16414
16420
16422
16423
16425
16431
16432
16433
16440
16442
16445
16446
16448
16452
16453
16460
16464
16469
16472
16482
16487
16491
16496
16498
16501
16502
16503
16505
16507
16518
16522
16523
16526
16529
16534
16536
16544
16555
16556
16556
16561
16562
16565
16566
16568
16571
16571
16573
16588
16588
16591
16596
16605
16606
16607
16608
16614
16617
16619
16625
16626
16627
16632
16634
16638
16642
16643
16646
16648
16649
16658
16673
16673
16674
16674
16675
16676
16676
16682
16683
16686
16690
16690
16702
16704
16711
16720
16721
16722
16729
16731
16736
16738
16741
16743
16745
16748
16752
16755
16759
16759
16765
16765
16765
16766
16767
16769
16771
16771
16773
16777
16785
16788
16788
16789
16790
16790
16791
16803
16807
16808
16811
16816
16816
16822
16832
16841
16843
16845
16846
16847
16852
16853
16855
16858
16866
16867
16873
16876
16877
16877
16879
16884
16889
16893
16894
16898
16906
16908
16920
16924
16933
16933
16935
16936
16939
16942
16943
16947
16949
16949
16949
16953
16953
16966
16972
16977
16988
16992
16994
17009
17012
17021
17022
17023
17037
17040
17055
17066
17069
17071
17071
17073
17073
17076
17076
17078
17084
17085
17096
17097
17108
17110
17114
17117
17120
17121
17123
17130
17131
17135
17137
17142
17146
17148
17151
17155
17163
17164
17167
17169
17172
17177
17181
17184
17186
17191
17193
17195
17196
17203
17205
17218
17224
17227
17234
17238
17240
17241
17245
17253
17255
17260
17264
17266
17271
17274
17278
17280
17282
17293
17295
17299
17308
17309
17311
17312
17312
17313
17317
17317
17320
17327
17331
17331
17333
17346
17347
17351
17353
17357
17371
17376
17378
17379
17382
17385
17385
17386
17387
17396
17397
17404
17406
17416
17427
17436
17442
17443
17449
17452
17455
17455
17456
17457
17459
17459
17463
17464
17464
17465
17467
17469
17471
17478
17482
17486
17486
17493
17496
17497
17498
17498
17506
17510
17512
17514
17514
17514
17520
17522
17527
17527
17531
17540
17550
17554
17561
17562
17563
17564
17567
17579
17585
17586
17589
17591
17602
17605
17612
17614
17616
17617
17623
17629
17630
17631
17643
17644
17645
17645
17653
17654
17656
17656
17656
17656
17656
17659
17660
17668
17668
17669
17674
17675
17677
17677
17682
17688
17689
17691
17693
17696
17696
17698
17705
17715
17716
17721
17723
17730
17730
17731
17736
17743
17745
17745
17751
17754
17757
17757
17761
17763
17771
17775
17782
17785
17786
17790
17791
17798
17806
17806
17807
17809
17813
17819
17819
17822
17823
17833
17838
17839
17841
17842
17843
17848
17850
17852
17854
17859
17860
17863
17863
17863
17866
17868
17876
17876
17879
17885
17888
17889
17893
17894
17901
17901
17903
17906
17913
17916
17922
17925
17927
17929
17930
17930
17935
17935
17939
17944
17945
17945
17952
17953
17954
17956
17956
17957
17957
17958
17961
17967
17971
17977
17984
17986
17990
17991
17991
17995
18001
18001
18003
18010
18017
18025
18025
18031
18033
18037
18038
18038
18042
18043
18045
18050
18051
18053
18056
18058
18061
18065
18071
18076
18077
18081
18081
18082
18084
18086
18090
18090
18097
18103
18107
18111
18111
18112
18113
18113
18115
18117
18117
18122
18128
18128
18130
18131
18132
18132
18133
18135
18135
18138
18147
18150
18151
18152
18153
18154
18156
18158
18162
18163
18167
18173
18175
18176
18181
18185
18191
18194
18197
18197
18204
18218
18221
18222
18225
18228
18239
18247
18247
18249
18256
18256
18256
18265
18267
18268
18268
18270
18274
18278
18282
18283
18286
18288
18292
18294
18294
18296
18300
18301
18302
18303
18304
18304
18305
18309
18314
18319
18319
18319
18331
18332
18333
18336
18338
18341
18341
18351
18352
18356
18356
18358
18360
18360
18366
18367
18373
18380
18381
18382
18383
18387
18393
18396
18397
18403
18407
18426
18429
18429
18430
18435
18437
18438
18444
18446
18452
18455
18459
18460
18463
18465
18465
18468
18469
18471
18483
18487
18500
18500
18501
18502
18506
18508
18510
18511
18516
18517
18519
18523
18527
18533
18539
18542
18549
18563
18565
18565
18567
18568
18573
18575
18576
18577
18581
18594
18597
18599
18599
18600
18601
18603
18605
18611
18612
18621
18628
18630
18640
18643
18644
18647
18648
18648
18648
18652
18652
18666
18667
18671
18681
18683
18689
18690
18690
18690
18693
18701
18708
18710
18714
18728
18729
18734
18737
18738
18745
18756
18763
18765
18772
18772
18772
18778
18790
18793
18793
18797
18805
18806
18810
18817
18819
18821
18822
18823
18827
18832
18840
18845
18847
18848
18875
18877
18879
18885
18886
18890
18892
18895
18899
18900
18904
18905
18906
18907
18910
18910
18913
18917
18920
18920
18921
18926
18927
18928
18933
18934
18934
18936
18958
18964
18976
18978
18981
18986
18988
18989
18992
18992
18992
19000
19003
19011
19015
19019
19019
19029
19030
19034
19034
19037
19038
19038
19039
19047
19048
19053
19061
19062
19062
19067
19079
19082
19082
19084
19084
19086
19087
19088
19095
19106
19109
19109
19111
19118
19118
19118
19126
19137
19138
19142
19144
19147
19153
19158
19158
19160
19163
19165
19173
19173
19174
19177
19181
19181
19182
19184
19185
19191
19193
19194
19205
19205
19206
19208
19217
19218
19219
19221
19224
19225
19227
19235
19238
19240
19241
19245
19248
19249
19250
19250
19254
19255
19264
19267
19267
19271
19274
19274
19277
19280
19281
19282
19284
19287
19297
19299
19304
19304
19308
19310
19314
19315
19316
19317
19322
19332
19338
19339
19340
19342
19348
19349
19352
19356
19357
19359
19367
19368
19369
19373
19378
19380
19383
19385
19386
19388
19390
19393
19398
19398
19399
19400
19400
19401
19412
19413
19421
19423
19428
19440
19452
19454
19454
19459
19462
19464
19467
19468
19469
19470
19474
19474
19477
19478
19480
19482
19482
19483
19483
19485
19485
19489
19490
19496
19502
19505
19512
19520
19522
19523
19527
19531
19535
19536
19548
19548
19552
19555
19561
19569
19571
19576
19579
19583
19585
19588
19589
19598
19601
19603
19603
19603
19603
19613
19617
19617
19618
19619
19623
19623
19626
19627
19629
19629
19634
19635
19635
19637
19637
19639
19645
19648
19648
19654
19654
19655
19655
19656
19659
19669
19670
19672
19674
19677
19681
19681
19697
19724
19727
19729
19733
19737
19738
19746
19748
19751
19758
19761
19762
19763
19767
19778
19781
19782
19786
19789
19790
19796
19815
19819
19822
19826
19827
19829
19832
19836
19840
19842
19851
19854
19855
19857
19858
19863
19870
19871
19874
19874
19874
19879
19879
19881
19884
19885
19886
19891
19893
19896
19898
19901
19902
19905
19907
19911
19912
19915
19917
19919
19921
19925
19936
19937
19940
19945
19947
19956
19960
19962
19964
19971
19973
19975
19979
19980
19980
19983
19986
19986
19990
19991
19991
19992
20002
20007
20014
20015
20017
20019
20024
20024
20026
20027
20028
20032
20039
20041
20045
20049
20050
20057
20059
20060
20072
20076
20079
20079
20089
20089
20092
20092
20094
20099
20099
20102
20102
20104
20107
20107
20108
20111
20113
20113
20118
20118
20125
20126
20127
20128
20128
20131
20135
20153
20154
20157
20160
20169
20169
20170
20170
20170
20175
20179
20181
20181
20181
20183
20192
20196
20207
20209
20212
20213
20216
20224
20225
20227
20228
20229
20230
20231
20237
20246
20247
20253
20253
20259
20259
20264
20265
20273
20273
20274
20274
20274
20277
20281
20284
20289
20291
20291
20292
20308
20314
20314
20318
20320
20321
20322
20324
20325
20330
20340
20342
20343
20344
20352
20353
20354
20363
20364
20368
20376
20377
20378
20383
20386
20390
20391
20395
20401
20403
20404
20408
20410
20415
20419
20423
20423
20426
20427
20438
20456
20466
20466
20470
20471
20471
20474
20478
20485
20486
20489
20490
20490
20497
20498
20503
20506
20507
20514
20514
20518
20532
20534
20542
20544
20544
20545
20547
20547
20551
20556
20559
20562
20569
20576
20577
20579
20581
20597
20612
20612
20613
20619
20623
20626
20629
20630
20633
20643
20647
20659
20662
20663
20667
20668
20668
20678
20692
20695
20698
20698
20710
20715
20716
20720
20725
20727
20727
20728
20731
20731
20737
20740
20744
20746
20747
20748
20749
20754
20757
20760
20764
20768
20774
20775
20777
20779
20781
20787
20788
20790
20790
20793
20794
20795
20795
20799
20804
20810
20812
20824
20825
20826
20828
20829
20832
20833
20833
20834
20838
20852
20856
20872
20872
20882
20889
20891
20891
20895
20896
20904
20910
20911
20915
20918
20923
20928
20929
20929
20930
20932
20936
20939
20943
20943
20944
20946
20949
20951
20952
20954
20954
20954
20958
20973
20979
20981
20988
20988
20989
20989
20995
21005
21010
21018
21020
21021
21028
21030
21035
21039
21040
21053
21053
21055
21055
21057
21058
21059
21062
21064
21067
21072
21073
21075
21076
21079
21079
21085
21087
21088
21098
21100
21102
21103
21109
21111
21112
21120
21127
21128
21129
21132
21132
21134
21136
21144
21149
21149
21151
21152
21152
21154
21155
21155
21157
21162
21165
21169
21171
21175
21177
21182
21190
21192
21197
21204
21205
21207
21213
21217
21219
21220
21238
21240
21248
21252
21255
21258
21269
21272
21278
21280
21285
21292
21293
21298
21298
21300
21306
21309
21311
21314
21314
21318
21319
21322
21323
21324
21324
21325
21327
21328
21333
21335
21339
21342
21348
21350
21352
21356
21359
21362
21365
21366
21367
21369
21378
21384
21385
21385
21386
21388
21390
21404
21405
21405
21405
21412
21418
21419
21430
21432
21438
21439
21441
21441
21444
21445
21445
21445
21446
21447
21450
21457
21462
21473
21476
21477
21481
21481
21484
21486
21488
21496
21496
21504
21511
21516
21520
21522
21524
21525
21527
21530
21532
21537
21541
21541
21543
21544
21550
21562
21562
21563
21567
21571
21576
21578
21579
21580
21582
21588
21590
21593
21593
21597
21601
21603
21609
21610
21612
21614
21614
21617
21626
21626
21631
21635
21635
21640
21640
21642
21642
21647
21648
21653
21656
21666
21668
21671
21674
21674
21676
21678
21679
21682
21682
21688
21691
21691
21696
21706
21708
21711
21712
21714
21716
21717
21724
21731
21739
21739
21743
21748
21748
21749
21753
21757
21757
21760
21761
21762
21762
21766
21767
21768
21773
21773
21774
21775
21776
21789
21804
21805
21811
21812
21814
21815
21816
21821
21825
21826
21826
21830
21834
21840
21846
21851
21856
21857
21859
21859
21869
21870
21870
21871
21875
21876
21881
21882
21883
21884
21886
21887
21888
21888
21899
21901
21901
21904
21904
21910
21916
21918
21918
21918
21920
21922
21927
21935
21937
21939
21939
21941
21942
21947
21948
21948
21949
21951
21952
21953
21955
21957
21962
21964
21974
21974
21977
21977
21979
21987
21993
21995
21995
21996
22002
22003
22003
22006
22008
22010
22010
22015
22018
22024
22033
22033
22035
22036
22044
22046
22049
22053
22055
22058
22061
22063
22064
22069
22076
22077
22078
22079
22086
22094
22099
22103
22105
22106
22108
22110
22111
22111
22112
22120
22124
22129
22134
22137
22139
22140
22140
22141
22142
22143
22143
22146
22146
22148
22154
22155
22161
22163
22166
22169
22171
22180
22183
22185
22185
22197
22199
22203
22211
22215
22216
22217
22222
22224
22234
22252
22255
22258
22260
22260
22264
22269
22272
22279
22280
22283
22283
22287
22293
22295
22305
22309
22313
22318
22323
22339
22340
22343
22345
22353
22355
22355
22358
22364
22367
22379
22384
22386
22395
22395
22398
22407
22409
22413
22414
22415
22415
22415
22417
22418
22423
22424
22429
22430
22434
22436
22438
22439
22440
22443
22452
22452
22453
22456
22459
22461
22463
22464
22469
22475
22476
22478
22480
22485
22486
22502
22507
22512
22514
22517
22520
22526
22530
22530
22530
22534
22534
22537
22537
22538
22541
22548
22551
22552
22556
22560
22560
22561
22562
22565
22570
22573
22573
22574
22574
22575
22576
22577
22578
22579
22584
22587
22590
22594
22598
22599
22599
22604
22605
22605
22611
22614
22616
22629
22635
22636
22637
22638
22641
22643
22644
22653
22654
22654
22656
22659
22661
22662
22662
22664
22668
22683
22686
22686
22688
22696
22697
22698
22703
22704
22704
22708
22709
22712
22713
22719
22721
22722
22723
22725
22728
22730
22730
22738
22742
22743
22750
22752
22752
22756
22756
22759
22761
22762
22762
22765
22768
22770
22796
22799
22801
22806
22806
22811
22815
22820
22822
22823
22824
22827
22829
22830
22844
22849
22851
22855
22856
22857
22858
22862
22879
22880
22881
22883
22883
22887
22887
22891
22893
22893
22897
22898
22899
22905
22908
22911
22917
22917
22920
22921
22922
22923
22923
22932
22938
22938
22949
22958
22958
22961
22961
22961
22965
22968
22969
22970
22973
22973
22979
22983
22984
22987
22992
22994
23000
23003
23006
23008
23021
23028
23032
23033
23039
23043
23048
23056
23056
23061
23061
23066
23067
23068
23071
23071
23074
23075
23077
23078
23083
23083
23083
23090
23091
23099
23100
23104
23110
23112
23115
23115
23115
23117
23125
23128
23134
23140
23141
23142
23145
23151
23151
23153
23156
23160
23165
23171
23178
23183
23183
23186
23190
23191
23195
23195
23200
23204
23205
23209
23210
23213
23217
23218
23229
23231
23231
23232
23233
23235
23237
23239
23239
23245
23253
23257
23263
23274
23276
23276
23284
23289
23293
23296
23299
23305
23309
23316
23316
23320
23321
23321
23322
23324
23324
23325
23325
23327
23327
23329
23336
23336
23339
23340
23346
23349
23358
23362
23365
23367
23367
23368
23368
23370
23376
23378
23380
23382
23383
23385
23402
23403
23405
23406
23407
23409
23409
23411
23411
23414
23419
23424
23426
23431
23432
23432
23434
23445
23446
23447
23448
23448
23451
23454
23460
23464
23467
23467
23469
23474
23475
23477
23478
23478
23485
23489
23492
23506
23509
23509
23511
23512
23513
23517
23517
23518
23522
23527
23528
23531
23538
23539
23540
23542
23544
23550
23552
23557
23564
23564
23575
23576
23577
23578
23589
23594
23595
23599
23600
23604
23604
23606
23608
23612
23612
23613
23613
23614
23628
23629
23632
23632
23632
23634
23636
23644
23647
23650
23653
23654
23656
23659
23660
23661
23662
23663
23664
23674
23674
23676
23681
23687
23687
23688
23690
23690
23695
23700
23712
23712
23712
23721
23725
23728
23732
23735
23737
23737
23739
23739
23742
23749
23752
23764
23771
23773
23774
23775
23779
23784
23799
23802
23810
23827
23828
23838
23839
23840
23841
23846
23847
23850
23851
23853
23853
23861
23861
23861
23867
23869
23872
23872
23880
23881
23887
23889
23893
23899
23902
23907
23912
23929
23938
23939
23940
23942
23944
23953
23961
23965
23968
23969
23971
23971
23972
23973
23974
23975
23977
23977
23979
23982
23985
23990
23998
23999
23999
24008
24012
24015
24018
24021
24028
24028
24043
24044
24044
24055
24065
24083
24084
24085
24086
24087
24089
24097
24098
24111
24118
24119
24125
24127
24128
24130
24135
24139
24141
24145
24155
24158
24168
24169
24171
24172
24175
24175
24176
24178
24185
24190
24194
24196
24196
24196
24200
24201
24201
24205
24207
24207
24208
24209
24210
24213
24213
24215
24219
24224
24226
24237
24238
24240
24241
24243
24243
24244
24251
24255
24257
24266
24268
24268
24272
24275
24277
24280
24285
24286
24286
24289
24293
24293
24293
24297
24299
24304
24305
24308
24313
24313
24315
24315
24319
24321
24322
24329
24330
24331
24337
24342
24344
24345
24345
24346
24348
24352
24352
24356
24362
24367
24380
24383
24384
24384
24386
24392
24395
24397
24401
24406
24406
24414
24417
24429
24431
24433
24450
24456
24456
24460
24467
24469
24474
24484
24489
24489
24492
24492
24492
24494
24496
24502
24505
24511
24511
24513
24516
24520
24531
24531
24534
24541
24542
24543
24551
24551
24551
24555
24556
24559
24561
24561
24567
24568
24569
24572
24573
24576
24579
24581
24588
24588
24598
24598
24602
24603
24605
24605
24606
24606
24607
24609
24610
24617
24619
24625
24626
24626
24631
24631
24637
24637
24638
24643
24648
24661
24661
24666
24673
24674
24678
24678
24686
24688
24693
24696
24696
24708
24708
24712
24717
24718
24720
24723
24724
24728
24731
24733
24736
24741
24741
24747
24753
24756
24757
24758
24763
24766
24767
24770
24771
24773
24775
24777
24782
24786
24789
24789
24792
24795
24800
24804
24806
24810
24813
24822
24824
24825
24828
24830
24832
24834
24837
24838
24840
24840
24840
24844
24844
24845
24849
24852
24852
24854
24860
24860
24862
24865
24866
24870
24877
24878
24886
24890
24896
24897
24899
24900
24900
24901
24902
24908
24909
24912
24913
24916
24918
24933
24934
24934
24945
24947
24949
24955
24959
24962
24964
24967
24967
24976
24977
24979
24982
24986
24988
24992
24995
25001
25002
25004
25011
25012
25014
25018
25020
25025
25028
25032
25045
25046
25047
25047
25048
25058
25058
25061
25063
25064
25065
25076
25079
25081
25085
25087
25088
25089
25092
25095
25098
25100
25104
25105
25108
25109
25115
25119
25119
25119
25121
25121
25124
25127
25129
25132
25141
25144
25145
25146
25155
25173
25174
25175
25179
25185
25186
25188
25193
25199
25202
25202
25207
25216
25230
25232
25235
25237
25247
25249
25249
25257
25261
25262
25267
25269
25271
25271
25276
25276
25280
25281
25282
25283
25285
25287
25289
25293
25294
25295
25295
25295
25298
25301
25304
25306
25309
25320
25337
25341
25346
25346
25349
25354
25362
25363
25369
25374
25375
25376
25377
25381
25383
25385
25388
25388
25390
25395
25400
25407
25411
25412
25413
25415
25416
25416
25418
25418
25421
25429
25431
25434
25437
25437
25439
25442
25445
25450
25460
25461
25463
25464
25471
25477
25478
25480
25487
25489
25490
25491
25492
25497
25500
25507
25511
25513
25516
25520
25523
25530
25531
25533
25536
25543
25546
25546
25547
25551
25554
25554
25554
25558
25564
25565
25570
25571
25572
25574
25581
25583
25589
25590
25592
25595
25597
25598
25600
25608
25609
25612
25614
25619
25619
25622
25623
25626
25635
25645
25646
25655
25659
25660
25662
25669
25671
25690
25692
25698
25699
25700
25700
25710
25711
25712
25715
25720
25721
25721
25722
25723
25726
25729
25734
25740
25742
25743
25743
25753
25757
25759
25759
25771
25771
25774
25778
25778
25783
25783
25783
25784
25787
25788
25793
25794
25806
25809
25809
25812
25817
25822
25824
25828
25830
25834
25836
25850
25854
25855
25859
25864
25869
25870
25871
25874
25879
25879
25880
25880
25888
25890
25891
25894
25896
25902
25903
25905
25907
25908
25909
25913
25913
25916
25919
25921
25929
25930
25947
25950
25950
25954
25955
25960
25965
25975
25979
25984
25984
25985
25985
25992
25995
26001
26001
26001
26004
26006
26007
26014
26016
26028
26029
26035
26048
26051
26055
26064
26066
26066
26068
26072
26077
26081
26083
26084
26087
26089
26092
26093
26093
26094
26096
26096
26099
26102
26105
26106
26112
26115
26120
26121
26123
26127
26130
26132
26134
26136
26139
26145
26151
26154
26164
26169
26170
26171
26177
26183
26183
26184
26185
26185
26189
26194
26195
26198
26201
26204
26205
26206
26207
26210
26210
26213
26214
26215
26216
26219
26222
26223
26224
26225
26231
26236
26237
26241
26242
26242
26243
26246
26250
26250
26254
26254
26262
26265
26267
26267
26271
26273
26274
26281
26281
26282
26283
26285
26291
26293
26293
26297
26299
26304
26304
26308
26313
26319
26328
26332
26335
26340
26345
26346
26357
26359
26362
26366
26367
26374
26376
26378
26381
26383
26383
26383
26384
26393
26393
26394
26406
26407
26407
26408
26409
26414
26416
26416
26421
26424
26428
26430
26431
26435
26435
26436
26436
26436
26447
26461
26463
26469
26470
26470
26475
26478
26486
26493
26493
26495
26509
26516
26520
26523
26536
26541
26544
26552
26553
26559
26563
26564
26565
26574
26577
26582
26594
26595
26597
26600
26600
26603
26608
26608
26622
26623
26625
26626
26627
26630
26637
26639
26640
26640
26644
26655
26656
26661
26672
26675
26676
26680
26680
26680
26685
26687
26690
26693
26695
26697
26697
26705
26710
26711
26717
26722
26724
26725
26725
26726
26726
26730
26734
26736
26740
26744
26744
26751
26755
26756
26758
26773
26777
26792
26792
26797
26798
26800
26803
26811
26811
26820
26821
26824
26831
26834
26838
26844
26845
26851
26854
26856
26864
26866
26874
26875
26878
26878
26883
26885
26886
26891
26891
26892
26899
26902
26904
26905
26907
26913
26919
26921
26923
26924
26928
26933
26933
26934
26935
26937
26937
26937
26939
26941
26945
26949
26950
26951
26955
26959
26961
26969
26971
26971
26974
26982
26983
26997
26999
27000
27008
27010
27012
27013
27013
27015
27039
27039
27045
27049
27050
27051
27067
27071
27078
27089
27090
27097
27100
27103
27103
27105
27105
27106
27107
27110
27112
27115
27116
27120
27121
27128
27132
27133
27141
27147
27149
27154
27156
27156
27156
27159
27160
27163
27172
27175
27175
27178
27181
27187
27188
27190
27191
27200
27200
27201
27205
27209
27214
27218
27227
27229
27230
27239
27240
27244
27251
27256
27265
27272
27276
27280
27281
27283
27294
27297
27301
27318
27319
27322
27324
27327
27329
27330
27334
27342
27342
27349
27349
27354
27355
27359
27360
27367
27377
27379
27380
27381
27388
27390
27394
27395
27395
27396
27397
27401
27403
27408
27413
27414
27414
27416
27424
27426
27426
27429
27431
27436
27437
27437
27438
27438
27438
27439
27439
27439
27442
27445
27456
27456
27457
27461
27461
27470
27471
27472
27472
27476
27476
27479
27479
27482
27486
27488
27492
27493
27495
27499
27500
27502
27512
27512
27515
27516
27517
27518
27520
27520
27523
27524
27539
27549
27555
27565
27569
27578
27583
27591
27591
27605
27607
27609
27610
27612
27616
27619
27626
27633
27636
27636
27638
27647
27648
27659
27659
27659
27667
27668
27668
27670
27670
27672
27674
27677
27678
27679
27682
27682
27688
27691
27698
27700
27707
27715
27718
27719
27729
27744
27746
27747
27747
27751
27757
27757
27759
27759
27765
27769
27775
27777
27779
27781
27783
27784
27784
27784
27787
27791
27791
27798
27799
27802
27805
27805
27813
27815
27823
27838
27840
27841
27842
27843
27847
27850
27854
27860
27861
27869
27873
27874
27874
27880
27889
27889
27891
27892
27892
27893
27897
27900
27908
27911
27919
27920
27928
27932
27936
27954
27957
27958
27963
27965
27968
27972
27972
27973
27974
27975
27979
27979
27984
27988
27994
27995
27996
27996
27997
27998
28011
28015
28019
28020
28022
28038
28039
28045
28049
28050
28053
28055
28059
28061
28063
28065
28066
28072
28072
28074
28078
28081
28084
28089
28089
28094
28096
28098
28101
28102
28105
28105
28110
28130
28131
28132
28140
28141
28141
28141
28148
28150
28154
28167
28168
28172
28176
28185
28185
28193
28193
28199
28202
28203
28206
28211
28219
28219
28221
28223
28227
28228
28240
28248
28248
28249
28253
28260
28262
28267
28268
28271
28271
28278
28284
28285
28287
28293
28294
28298
28301
28301
28302
28306
28308
28309
28312
28314
28317
28318
28319
28319
28324
28325
28336
28340
28342
28343
28343
28344
28348
28350
28363
28368
28371
28371
28372
28377
28377
28378
28381
28391
28391
28402
28403
28410
28412
28418
28426
28427
28434
28437
28437
28442
28443
28448
28450
28451
28453
28456
28458
28458
28458
28460
28461
28461
28462
28469
28469
28474
28480
28480
28482
28482
28484
28484
28487
28487
28491
28494
28501
28503
28510
28510
28514
28515
28520
28525
28529
28533
28534
28536
28538
28539
28551
28552
28558
28559
28563
28567
28570
28574
28579
28582
28584
28591
28592
28593
28598
28601
28602
28604
28612
28624
28629
28632
28633
28634
28639
28640
28641
28642
28656
28658
28658
28662
28665
28665
28671
28672
28672
28679
28681
28686
28687
28698
28701
28704
28710
28712
28717
28719
28725
28728
28732
28733
28743
28745
28745
28748
28753
28754
28758
28764
28768
28768
28774
28778
28784
28786
28790
28799
28799
28800
28809
28812
28813
28819
28827
28829
28831
28831
28837
28840
28846
28847
28850
28856
28859
28860
28864
28869
28870
28872
28878
28881
28881
28885
28890
28890
28891
28895
28895
28896
28900
28908
28908
28910
28911
28912
28914
28916
28918
28919
28921
28921
28923
28926
28926
28928
28936
28937
28942
28943
28944
28950
28955
28955
28965
28967
28969
28970
28974
28977
28978
28979
28979
28988
28990
28992
29003
29008
29013
29017
29017
29021
29022
29034
29037
29041
29042
29042
29043
29043
29044
29044
29053
29055
29060
29062
29074
29076
29076
29089
29092
29092
29097
29099
29100
29100
29102
29103
29106
29106
29106
29107
29108
29110
29110
29118
29123
29130
29130
29134
29139
29139
29143
29148
29149
29153
29156
29158
29162
29173
29175
29176
29176
29186
29187
29190
29191
29192
29194
29199
29199
29203
29213
29216
29217
29222
29223
29232
29233
29235
29240
29240
29241
29242
29247
29252
29253
29256
29257
29259
29259
29262
29264
29265
29267
29275
29276
29280
29291
29294
29299
29301
29303
29306
29307
29310
29313
29320
29321
29323
29324
29329
29330
29332
29333
29334
29337
29337
29340
29350
29351
29351
29355
29358
29363
29363
29364
29366
29367
29367
29371
29371
29387
29388
29393
29397
29400
29425
29425
29427
29428
29430
29430
29431
29433
29434
29443
29446
29453
29457
29458
29463
29465
29466
29469
29470
29472
29478
29479
29480
29483
29503
29505
29506
29509
29512
29513
29521
29529
29529
29531
29536
29538
29538
29541
29541
29542
29544
29552
29553
29560
29562
29564
29568
29571
29580
29580
29583
29588
29589
29597
29599
29600
29601
29602
29602
29609
29609
29609
29611
29628
29632
29640
29656
29656
29665
29667
29670
29670
29672
29677
29678
29680
29693
29696
29696
29705
29706
29707
29708
29717
29719
29719
29721
29723
29724
29725
29728
29731
29732
29732
29738
29739
29741
29743
29750
29754
29757
29760
29770
29773
29776
29779
29785
29788
29789
29789
29796
29797
29801
29802
29805
29811
29817
29817
29819
29822
29824
29831
29831
29833
29833
29837
29847
29850
29851
29854
29859
29864
29865
29867
29869
29873
29875
29881
29887
29899
29899
29907
29912
29912
29913
29920
29923
29923
29925
29926
29933
29933
29940
29942
29943
29943
29943
29944
29946
29951
29952
29952
29953
29954
29954
29955
29957
29958
29959
29960
29960
29972
29972
29976
29985
29985
29994
30000
30004
30016
30017
30018
30020
30033
30044
30044
30047
30049
30061
30067
30067
30079
30086
30090
30093
30095
30096
30097
30098
30112
30112
30114
30121
30124
30126
30126
30135
30141
30146
30146
30147
30148
30149
30154
30155
30158
30158
30164
30168
30168
30179
30182
30183
30183
30185
30187
30193
30193
30194
30200
30209
30210
30211
30212
30214
30216
30218
30220
30230
30239
30242
30248
30249
30251
30255
30257
30261
30266
30266
30270
30274
30274
30275
30275
30286
30288
30288
30289
30292
30298
30302
30305
30305
30306
30308
30309
30311
30311
30314
30318
30320
30325
30333
30334
30341
30342
30343
30350
30352
30358
30359
30360
30365
30372
30380
30385
30389
30393
30401
30404
30404
30406
30406
30408
30408
30408
30409
30414
30422
30428
30429
30430
30432
30441
30441
30449
30450
30457
30459
30459
30471
30473
30483
30488
30490
30493
30493
30497
30512
30512
30516
30516
30535
30538
30544
30545
30550
30551
30552
30555
30555
30560
30560
30563
30563
30564
30572
30574
30577
30581
30585
30597
30601
30604
30608
30610
30613
30614
30621
30626
30631
30634
30637
30641
30642
30653
30654
30660
30660
30663
30678
30695
30698
30701
30703
30703
30709
30712
30716
30725
30738
30741
30746
30748
30748
30752
30754
30765
30777
30779
30781
30782
30798
30803
30807
30808
30814
30816
30819
30821
30825
30826
30827
30827
30828
30833
30833
30841
30841
30843
30851
30855
30856
30861
30862
30863
30866
30873
30874
30875
30884
30885
30886
30887
30887
30888
30892
30906
30907
30908
30909
30912
30916
30919
30919
30920
30925
30927
30938
30942
30948
30949
30950
30955
30959
30960
30966
30970
30976
30978
30981
30992
30994
30994
31000
31000
31002
31004
31005
31005
31012
31028
31032
31037
31037
31042
31045
31056
31061
31063
31071
31083
31083
31089
31089
31097
31103
31105
31105
31107
31108
31118
31119
31126
31130
31130
31137
31142
31142
31144
31153
31154
31156
31157
31157
31158
31159
31159
31177
31179
31188
31189
31197
31197
31198
31203
31209
31210
31213
31214
31217
31219
31223
31225
31228
31231
31232
31240
31244
31251
31259
31270
31270
31273
31283
31288
31289
31289
31294
31299
31301
31304
31308
31309
31309
31316
31319
31321
31322
31325
31327
31328
31328
31330
31331
31331
31337
31350
31354
31360
31373
31375
31382
31384
31386
31398
31400
31405
31406
31408
31411
31421
31421
31424
31425
31427
31427
31429
31434
31440
31443
31444
31448
31450
31452
31453
31454
31457
31458
31460
31464
31471
31472
31475
31477
31477
31478
31479
31483
31493
31497
31497
31503
31504
31509
31515
31516
31517
31518
31520
31520
31523
31525
31528
31529
31530
31530
31532
31532
31532
31534
31535
31535
31538
31538
31540
31547
31548
31550
31551
31553
31565
31567
31568
31575
31575
31576
31576
31580
31580
31586
31588
31589
31593
31597
31604
31604
31605
31608
31609
31611
31614
31616
31620
31620
31634
31634
31642
31643
31646
31647
31650
31650
31666
31666
31668
31670
31675
31680
31684
31689
31690
31692
31695
31699
31700
31702
31706
31710
31711
31712
31713
31715
31716
31721
31728
31729
31735
31735
31741
31748
31762
31780
31781
31786
31803
31807
31809
31811
31815
31819
31823
31825
31830
31833
31836
31839
31842
31846
31853
31857
31864
31867
31873
31873
31875
31878
31879
31881
31883
31887
31901
31902
31903
31911
31911
31915
31916
31926
31928
31929
31931
31939
31939
31940
31945
31953
31959
31968
31978
31981
31984
31985
31988
31989
31990
31993
31993
31994
31996
31996
31997
32003
32008
32008
32009
32012
32013
32018
32018
32021
32027
32033
32035
32038
32044
32052
32053
32056
32059
32060
32063
32065
32070
32073
32074
32079
32088
32091
32097
32098
32100
32100
32102
32106
32107
32107
32111
32113
32119
32124
32127
32129
32129
32132
32133
32134
32137
32138
32143
32144
32148
32150
32158
32161
32165
32175
32176
32177
32181
32183
32184
32189
32190
32201
32203
32206
32209
32211
32227
32227
32228
32228
32229
32232
32240
32242
32244
32255
32259
32262
32265
32267
32269
32278
32278
32280
32283
32285
32288
32292
32293
32293
32294
32295
32296
32298
32299
32300
32304
32306
32310
32313
32314
32318
32323
32324
32326
32328
32330
32337
32339
32343
32344
32345
32345
32355
32359
32362
32365
32372
32387
32405
32406
32412
32412
32416
32420
32424
32425
32426
32427
32428
32429
32430
32431
32433
32433
32442
32445
32448
32449
32449
32453
32457
32461
32462
32464
32469
32474
32476
32481
32482
32482
32493
32494
32494
32498
32500
32501
32502
32513
32526
32526
32530
32532
32537
32539
32542
32545
32547
32548
32550
32556
32558
32558
32560
32570
32571
32572
32577
32577
32589
32598
32605
32609
32611
32612
32613
32615
32616
32617
32619
32628
32630
32632
32638
32644
32649
32654
32654
32656
32658
32662
32663
32663
32666
32673
32674
32683
32686
32687
32687
32693
32693
32697
32702
32702
32703
32706
32709
32717
32717
32718
32718
32719
32723
32723
32725
32726
32730
32735
32737
32739
32745
32751
32762
32764
32764
32765
32766
32767
